211202783232
216324723232
219862283232
213184423232
212785003232
212045963232
211174783232
2110301083232
217761363232
216361983232
21402243232
21324403232
219146003232
2113786023232
218846303232
20.999999916763232
20.99999912701083232
20.99999912721383232
20.9999999562303232
20.99999910562303232
20.9999999142583232
20.99999910582583232
20.99999910563523232
20.9999996023803232
20.99999917664483232
20.99999911964743232
20.9999999545063232
20.9999993885683232
20.9999998826003232
20.99999914106003232
20.99999916666043232
20.99999915246343232
20.999999960783232
20.999999341963232
20.9999996082283232
20.9999998862603232
20.99999914542623232
20.99999911703543232
20.99999912704483232
20.99999914504503232
20.9999993164723232
20.9999998444743232
20.99999917664803232
20.9999994645023232
20.99999918105103232
20.9999992045663232
20.9999998125703232
20.9999992086263232
20.99999911966303232
20.99999914122023232
20.9999993222263232
20.9999998862303232
20.99999915942343232
20.99999915942623232
20.9999999863823232
20.9999999844743232
20.9999999584763232
20.99999912424783232
20.99999912405063232
20.99999914085063232
20.99999910265723232
20.99999915545743232
20.9999997745983232
20.9999997006283232
20.9999991130783232
20.9999991101943232
20.9999996762003232
20.99999915922043232
20.9999996742583232
20.99999910282603232
20.9999996343203232
20.99999913103243232
20.999999644403232
20.9999994224423232
20.9999994584423232
20.9999997744443232
20.9999995624723232
20.9999994624743232
20.99999919504823232
20.9999999165043232
20.9999992785643232
20.9999997045683232
20.9999998865723232
20.99999912406023232
20.99999915226043232
20.9999999566323232
20.9999998842003232
20.99999912002023232
20.9999997062283232
20.9999991762543232
20.9999996082563232
20.9999999582583232
20.9999998143223232
20.99999910303243232
20.9999996323503232
20.99999911263543232
20.99999912403543232
20.9999992764403232
20.99999919764503232
20.9999993205023232
20.9999997425043232
20.9999993905983232
20.9999998166303232
20.9999991272783232
20.999999661963232
20.99999915242643232
20.99999910963243232
20.99999913103863232
20.9999996024443232
20.9999998164463232
20.9999999564463232
20.99999919044803232
20.99999917384823232
20.9999991085003232
20.99999915485083232
20.99999914805723232
20.99999916665743232
20.9999994185943232
20.9999992485963232
20.99999912441103232
20.99999915242023232
20.99999911962303232
20.99999912382603232
20.9999997723503232
20.99999911945723232
20.9999999601363232
20.9999999142283232
20.9999993202543232
20.9999995602563232
20.99999911683243232
20.999999644703232
20.9999995324723232
20.9999994925003232
20.9999997405683232
20.9999999846023232
20.9999988421983232
20.99999810562003232
20.99999814802023232
20.99999816682043232
20.99999816962343232
20.99999817402343232
20.99999811723823232
20.99999817384523232
20.99999818064803232
20.9999984605663232
20.99999812685723232
20.99999814522023232
20.9999982122243232
20.9999988142283232
20.99999816222343232
20.99999813843263232
20.99999813443863232
20.99999816644503232
20.9999983944743232
20.99999816144783232
20.99999816945103232
20.9999987705703232
20.99999816686343232
20.99999810981083232
20.9999989142003232
20.99999813843543232
20.99999811684483232
20.99999815844523232
20.99999815205083232
20.9999988406283232
20.9999989581083232
20.99999813782303232
20.99999815262343232
20.9999989843243232
20.99999810964483232
20.99999818365743232
20.9999981726243232
20.9999984646283232
20.999998782763232
20.9999981761963232
20.9999989861983232
20.99999810303823232
20.99999812366323232
20.99999810581043232
20.9999987743203232
20.99999818044523232
20.9999987464763232
20.9999985363223232
20.99999812683223232
20.9999985305683232
20.999998892783232
20.99999818402043232
20.9999981842263232
20.99999817362643232
20.9999985324443232
20.9999981405003232
20.99999812365743232
20.99999711662003232
20.99999713402623232
20.99999714803543232
20.99999713806343232
20.99999710301363232
20.9999977522003232
20.99999711005063232
20.99999719505123232
20.999997988763232
20.9999973881983232
20.9999975585983232
20.99999710302303232
20.9999979605723232
20.99999710545723232
20.99999714486003232
20.9999978901383232
20.99999717702063232
20.99999714163543232
20.99999715264803232
20.99999717406043232
20.99999718082363232
20.99999718804543232
20.99999712381363232
20.9999973926263232
20.99999620442343232
20.99999620202643232
20.99999610282023232
20.99999616906323232
20.99999619062043232
20.99999610263503232
20.9999961004423232
20.99999613863843232
20.9999964886283232
20.9999957782003232
20.99999515582063232
20.999995442523232
20.9999953261983232
20.99999514543283232
20.9999955983523232
20.99999411721363232
20.99999420482043232
20.9999948805043232
20.999994852803232
20.9999948105063232
20.99999420182083232
20.99999416645123232
20.99999315244483232
20.9999921240803232
20.99999214044463232
20.99999213745723232
20.99999113362023232
20.999998423543232
20.9999911024763232
20.9999918086043232
20.9999885683503232
20.99998817645743232
20.9999878904443232
20.9999855621943232
20.9999797463203232
20.9999718221063232
20.999961978403232
20.999904888343232
20.9996335365003232
20.9992931022763232
20.99817518762323232
20.99628319462643232
20.99463219782303232
20.99248113145763232
20.9573087364463232
20.81817919482103232
